CheckFileVersion(5)
scene = GetScene()
rootnode = scene:GetRootNode()
SetTotalFrames(250)
SetFrame(73)
SetFrameRate(12)
CloseAllViewports()
vp = CreateViewport()
vp:SetRect(0.00000000, 0.10843374, 0.97265625, 0.88654619)
vp:SetData1(-6.80000114440918, -31.70001220703125, -122.5000305175781)
vp:SetData2(0.1788961887359619, 28.47501373291016, 0)
vp:SetData3(-53.09637832641602, 180.7520751953125, -355.4803161621094)
vp:SetData4(0, 0, 0)
vp:SetData5(-48.25559616088867, 17.71620941162109, 0.02586283348500729)
vp:SetProjection(6)
vp:SetDrawMode(5)
vp:SetDrawBF(0)
vp:SetDrawGrid(1)
RedrawViewports()
mat = AddTexture("foot.bmp")
if (mat) then mat:SetId(17) else print("Texture not found: foot.bmp") end
mat = AddTexture("calf.bmp")
if (mat) then mat:SetId(18) else print("Texture not found: calf.bmp") end
mat = AddTexture("arm.bmp")
if (mat) then mat:SetId(19) else print("Texture not found: arm.bmp") end
mat = AddTexture("forearm.bmp")
if (mat) then mat:SetId(20) else print("Texture not found: forearm.bmp") end
mat = AddTexture("hand.bmp")
if (mat) then mat:SetId(21) else print("Texture not found: hand.bmp") end
mat = AddTexture("head.bmp")
if (mat) then mat:SetId(22) else print("Texture not found: head.bmp") end
mat = AddTexture("tigh.bmp")
if (mat) then mat:SetId(23) else print("Texture not found: tigh.bmp") end
mat = AddTexture("torso.bmp")
if (mat) then mat:SetId(24) else print("Texture not found: torso.bmp") end
mat = AddTexture("tummy.bmp")
if (mat) then mat:SetId(25) else print("Texture not found: tummy.bmp") end
bone = scene:CreateBone()
bone:SetName("Joint1")
bone:SetColor(1, 1, 1)
bone:SetIKChainEnd(0)
bone:SetIKWeight(1)
bone:SetXConstraints(0, 0, 0)
bone:SetYConstraints(0, 0, 0)
bone:SetZConstraints(0, 0, 0)
matrix = matrix44:new()
matrix:set(1,0,0,0,0,1,0,0,0,0,1,0,0.04216655343770981,45.66299057006836,0,1)
bone:SetMatrix(matrix)
matrix:delete()
matrix = matrix44:new()
matrix:set(1,0,0,0,0,1,0,0,0,0,1,0,0,0,0,1)
bone:SetKey(30,matrix,0,0,0,0,0,0)
matrix:delete()
matrix = matrix44:new()
matrix:set(1,0,0,0,0,1,0,0,0,0,1,0,0,0,0,1)
bone:SetKey(31,matrix,0,0,0,0,0,0)
matrix:delete()
matrix = matrix44:new()
matrix:set(0.9271835684776306,0,0.3746063411235809,0,0,1,0,0,-0.3746063411235809,0,0.9271835684776306,0,0,-3.331570625305176,6.014992237091064,1)
bone:SetKey(45,matrix,0,0,0,0,0,0)
matrix:delete()
matrix = matrix44:new()
matrix:set(0.9271835684776306,0,0.3746063411235809,0,0,1,0,0,-0.3746063411235809,0,0.9271835684776306,0,0,-3.331570625305176,6.014992237091064,1)
bone:SetKey(47,matrix,0,0,0,0,0,0)
matrix:delete()
matrix = matrix44:new()
matrix:set(0.9271835684776306,0,0.3746063411235809,0,0,1,0,0,-0.3746063411235809,0,0.9271835684776306,0,0,-3.331570625305176,6.014992237091064,1)
bone:SetKey(50,matrix,0,0,0,0,0,0)
matrix:delete()
matrix = matrix44:new()
matrix:set(1,0,0,0,0,1,0,0,0,0,1,0,0,-2.955633640289307,0.05045640468597412,1)
bone:SetKey(60,matrix,0,0,0,0,0,0)
matrix:delete()
matrix = matrix44:new()
matrix:set(1,0,0,0,0,1,0,0,0,0,1,0,0,-2.015790939331055,-0.208869457244873,1)
bone:SetKey(65,matrix,0,0,0,0,0,0)
matrix:delete()
matrix = matrix44:new()
matrix:set(1,0,0,0,0,1,0,0,0,0,1,0,0,-2.955633401870728,0.05045688152313232,1)
bone:SetKey(70,matrix,0,0,0,0,0,0)
matrix:delete()
matrix = matrix44:new()
matrix:set(1,0,0,0,0,1,0,0,0,0,1,0,0,-3.870030164718628,-0.2088707685470581,1)
bone:SetKey(75,matrix,0,0,0,0,0,0)
matrix:delete()
matrix = matrix44:new()
matrix:set(1,0,0,0,0,1,0,0,0,0,1,0,0,-2.955633640289307,0.05045640468597412,1)
bone:SetKey(80,matrix,0,0,0,0,0,0)
matrix:delete()
matrix = matrix44:new()
matrix:set(1,0,0,0,0,0.9902686476707458,-0.1391689479351044,0,0,0.1391689479351044,0.9902686476707458,0,0,-16.68224143981934,9.511942863464355,1)
bone:SetKey(90,matrix,0,0,0,0,0,0)
matrix:delete()
matrix = matrix44:new()
matrix:set(1,0,0,0,0,1,0,0,0,0,1,0,0,-2.955633640289307,0.05045640468597412,1)
bone:SetKey(105,matrix,0,0,0,0,0,0)
matrix:delete()
matrix = matrix44:new()
matrix:set(1,0,0,0,0,1,0,0,0,0,1,0,0,-0.8507452011108398,-0.2088707685470581,1)
bone:SetKey(106,matrix,0,0,0,0,0,0)
matrix:delete()
matrix = matrix44:new()
matrix:set(1,0,0,0,0,0.9902686476707458,-0.1391689479351044,0,0,0.1391689479351044,0.9902686476707458,0,0,-16.68224143981934,9.511942863464355,1)
bone:SetKey(110,matrix,0,0,0,0,0,0)
matrix:delete()
matrix = matrix44:new()
matrix:set(1,0,0,0,0,0.9781484007835388,-0.20790795981884,0,0,0.20790795981884,0.9781484007835388,0,0,-16.10555267333984,6.595530986785889,1)
bone:SetKey(112,matrix,0,0,0,0,0,0)
matrix:delete()
matrix = matrix44:new()
matrix:set(1,0,0,0,0,0.925568699836731,-0.378579705953598,0,0,0.378579705953598,0.925568699836731,0,0,-17.35788345336914,2.493494987487793,1)
bone:SetKey(113,matrix,0,0,0,0,0,0)
matrix:delete()
matrix = matrix44:new()
matrix:set(1,0,0,0,0,0.5751873850822449,-0.8180216550827026,0,0,0.8180216550827026,0.5751873850822449,0,0,-25.01770782470703,-9.117620468139648,1)
bone:SetKey(116,matrix,0,0,0,0,0,0)
matrix:delete()
matrix = matrix44:new()
matrix:set(1,0,0,0,0,0.4760706424713135,-0.8794070482254028,0,0,0.8794070482254028,0.4760706424713135,0,0,-28.45987701416016,-12.07883262634277,1)
bone:SetKey(118,matrix,0,0,0,0,0,0)
matrix:delete()
matrix = matrix44:new()
matrix:set(1,0,0,0,0,0.3255734443664551,-0.9455167651176453,0,0,0.9455167651176453,0.3255734443664551,0,0,-38.89982223510742,-14.98578834533691,1)
bone:SetKey(125,matrix,0,0,0,0,0,0)
matrix:delete()
matrix = matrix44:new()
matrix:set(1,0,0,0,0,0.06976195424795151,-0.9975635409355164,0,0,0.9975635409355164,0.06976195424795151,0,0,-38.89982223510742,-14.98578834533691,1)
bone:SetKey(129,matrix,0,0,0,0,0,0)
matrix:delete()
matrix = matrix44:new()
matrix:set(1,0,0,0,0,0.9902686476707458,-0.1391689479351044,0,0,0.1391689479351044,0.9902686476707458,0,0,-16.68224143981934,9.511942863464355,1)
bone:SetKey(130,matrix,0,0,0,0,0,0)
matrix:delete()
matrix = matrix44:new()
matrix:set(1,0,0,0,0,0.9902686476707458,-0.1391689479351044,0,0,0.1391689479351044,0.9902686476707458,0,0,-16.68224143981934,9.511942863464355,1)
bone:SetKey(131,matrix,0,0,0,0,0,0)
matrix:delete()
matrix = matrix44:new()
matrix:set(1,0,0,0,0,0.9902686476707458,-0.1391689479351044,0,0,0.1391689479351044,0.9902686476707458,0,0,-16.68224143981934,9.511942863464355,1)
bone:SetKey(132,matrix,0,0,0,0,0,0)
matrix:delete()
matrix = matrix44:new()
matrix:set(1,0,0,0,0,0.9902686476707458,-0.1391689479351044,0,0,0.1391689479351044,0.9902686476707458,0,0,-16.68224143981934,9.511942863464355,1)
bone:SetKey(133,matrix,0,0,0,0,0,0)
matrix:delete()
matrix = matrix44:new()
matrix:set(1,0,0,0,0,0.9902686476707458,-0.1391689479351044,0,0,0.1391689479351044,0.9902686476707458,0,0,-16.68224143981934,9.511942863464355,1)
bone:SetKey(134,matrix,0,0,0,0,0,0)
matrix:delete()
matrix = matrix44:new()
matrix:set(1,0,0,0,0,0.9902686476707458,-0.1391689479351044,0,0,0.1391689479351044,0.9902686476707458,0,0,-16.68224143981934,9.511942863464355,1)
bone:SetKey(135,matrix,0,0,0,0,0,0)
matrix:delete()
matrix = matrix44:new()
matrix:set(1,0,0,0,0,0.9902686476707458,-0.1391689479351044,0,0,0.1391689479351044,0.9902686476707458,0,0,-16.68224143981934,9.511942863464355,1)
bone:SetKey(136,matrix,0,0,0,0,0,0)
matrix:delete()
matrix = matrix44:new()
matrix:set(1,0,0,0,0,0.9902686476707458,-0.1391689479351044,0,0,0.1391689479351044,0.9902686476707458,0,0,-16.68224143981934,9.511942863464355,1)
bone:SetKey(137,matrix,0,0,0,0,0,0)
matrix:delete()
matrix = matrix44:new()
matrix:set(1,0,0,0,0,0.9902686476707458,-0.1391689479351044,0,0,0.1391689479351044,0.9902686476707458,0,0,-16.68224143981934,9.511942863464355,1)
bone:SetKey(138,matrix,0,0,0,0,0,0)
matrix:delete()
matrix = matrix44:new()
matrix:set(1,0,0,0,0,0.9902686476707458,-0.1391689479351044,0,0,0.1391689479351044,0.9902686476707458,0,0,-16.68224143981934,9.511942863464355,1)
bone:SetKey(139,matrix,0,0,0,0,0,0)
matrix:delete()
matrix = matrix44:new()
matrix:set(1,0,0,0,0,0.9902686476707458,-0.1391689479351044,0,0,0.1391689479351044,0.9902686476707458,0,0,-16.68224143981934,9.511942863464355,1)
bone:SetKey(140,matrix,0,0,0,0,0,0)
matrix:delete()
matrix = matrix44:new()
matrix:set(1,0,0,0,0,0.9902686476707458,-0.1391689479351044,0,0,0.1391689479351044,0.9902686476707458,0,0,-16.68224143981934,9.511942863464355,1)
bone:SetKey(141,matrix,0,0,0,0,0,0)
matrix:delete()
matrix = matrix44:new()
matrix:set(1,0,0,0,0,0.9902686476707458,-0.1391689479351044,0,0,0.1391689479351044,0.9902686476707458,0,0,-16.68224143981934,9.511942863464355,1)
bone:SetKey(142,matrix,0,0,0,0,0,0)
matrix:delete()
matrix = matrix44:new()
matrix:set(1,0,0,0,0,0.9902686476707458,-0.1391689479351044,0,0,0.1391689479351044,0.9902686476707458,0,0,-16.68224143981934,9.511942863464355,1)
bone:SetKey(143,matrix,0,0,0,0,0,0)
matrix:delete()
matrix = matrix44:new()
matrix:set(1,0,0,0,0,0.9902686476707458,-0.1391689479351044,0,0,0.1391689479351044,0.9902686476707458,0,0,-16.68224143981934,9.511942863464355,1)
bone:SetKey(144,matrix,0,0,0,0,0,0)
matrix:delete()
matrix = matrix44:new()
matrix:set(1,0,0,0,0,0.3255734443664551,-0.9455167651176453,0,0,0.9455167651176453,0.3255734443664551,0,0,-38.89982223510742,-14.98578834533691,1)
bone:SetKey(145,matrix,0,0,0,0,0,0)
matrix:delete()
matrix = matrix44:new()
matrix:set(1,0,0,0,0,0.4984315633773804,-0.8669285178184509,0,0,0.8669285178184509,0.4984315633773804,0,0,-31.80426406860352,-7.482873916625977,1)
bone:SetKey(153,matrix,0,0,0,0,0,0)
matrix:delete()
matrix = matrix44:new()
matrix:set(1,0,0,0,0,0.9814011454582214,-0.191967785358429,0,0,0.191967785358429,0.9814011454582214,0,0,-14.11152076721191,7.202558517456055,1)
bone:SetKey(161,matrix,0,0,0,0,0,0)
matrix:delete()
matrix = matrix44:new()
matrix:set(1,0,0,0,0,0.9902686476707458,-0.1391689479351044,0,0,0.1391689479351044,0.9902686476707458,0,0,-16.68224143981934,9.511942863464355,1)
bone:SetKey(165,matrix,0,0,0,0,0,0)
matrix:delete()
matrix = matrix44:new()
matrix:set(1,0,0,0,0,1,0,0,0,0,1,0,0,-2.955633640289307,0.05045640468597412,1)
bone:SetKey(166,matrix,0,0,0,0,0,0)
matrix:delete()
matrix = matrix44:new()
matrix:set(1,0,0,0,0,1,0,0,0,0,1,0,0,-2.015790939331055,-0.208869457244873,1)
bone:SetKey(171,matrix,0,0,0,0,0,0)
matrix:delete()
matrix = matrix44:new()
matrix:set(1,0,0,0,0,1,0,0,0,0,1,0,0,-2.955633401870728,0.05045688152313232,1)
bone:SetKey(176,matrix,0,0,0,0,0,0)
matrix:delete()
matrix = matrix44:new()
matrix:set(1,0,0,0,0,1,0,0,0,0,1,0,0,-3.870030164718628,-0.2088707685470581,1)
bone:SetKey(181,matrix,0,0,0,0,0,0)
matrix:delete()
matrix = matrix44:new()
matrix:set(1,0,0,0,0,1,0,0,0,0,1,0,0,-2.955633640289307,0.05045640468597412,1)
bone:SetKey(186,matrix,0,0,0,0,0,0)
matrix:delete()
matrix = matrix44:new()
matrix:set(1,0,0,0,0,1,0,0,0,0,1,0,0,0,0,1)
bone:SetKey(187,matrix,0,0,0,0,0,0)
matrix:delete()
matrix = matrix44:new()
matrix:set(0.9588196873664856,0,-0.2840153574943542,0,0,1,0,0,0.2840153574943542,0,0.9588196873664856,0,0,0,0,1)
bone:SetKey(195,matrix,0,0,0,0,0,0)
matrix:delete()
matrix = matrix44:new()
matrix:set(1,0,0,0,0,1,0,0,0,0,1,0,0,0,0,1)
bone:SetKey(196,matrix,0,0,0,0,0,0)
matrix:delete()
matrix = matrix44:new()
matrix:set(1,0,0,0,0,1,0,0,0,0,1,0,0,0,0,1)
bone:SetKey(206,matrix,0,0,0,0,0,0)
matrix:delete()
matrix = matrix44:new()
matrix:set(0.824126124382019,-3.596866693378331e-10,-0.5664063096046448,0,-0.1129232347011566,0.9799245595932007,-0.1643043011426926,0,0.5550354719161987,0.1993678957223892,0.8075813055038452,0,0,0,0,1)
bone:SetKey(215,matrix,0,0,0,0,0,0)
matrix:delete()
bone:SetId(1)
bone1 = bone
rootnode:AttachChild(bone)
bone = scene:CreateBone()
bone:SetName("Legs")
bone:SetColor(1, 1, 1)
bone:SetIKChainEnd(0)
bone:SetIKWeight(1)
bone:SetXConstraints(0, 0, 0)
bone:SetYConstraints(0, 0, 0)
bone:SetZConstraints(0, 0, 0)
matrix = matrix44:new()
matrix:set(1,0,0,0,0,1,0,0,0,0,1,0,-0.2148698568344116,-8.375801086425781,0,1)
bone:SetMatrix(matrix)
matrix:delete()
matrix = matrix44:new()
matrix:set(0.9975625276565552,0,-0.06975642591714859,0,0,1,0,0,0.06975642591714859,0,0.9975625276565552,0,0,0,0,1)
bone:SetKey(30,matrix,0,0,0,0,0,0)
matrix:delete()
matrix = matrix44:new()
matrix:set(0.9975625276565552,0,-0.06975642591714859,0,0,1,0,0,0.06975642591714859,0,0.9975625276565552,0,0,0,0,1)
bone:SetKey(31,matrix,0,0,0,0,0,0)
matrix:delete()
matrix = matrix44:new()
matrix:set(0.9921085238456726,0,-0.1253821849822998,0,0,1,0,0,0.1253821849822998,0,0.9921085238456726,0,0,0.09264691174030304,0,1)
bone:SetKey(45,matrix,0,0,0,0,0,0)
matrix:delete()
matrix = matrix44:new()
matrix:set(0.9921085238456726,0,-0.1253821849822998,0,0,1,0,0,0.1253821849822998,0,0.9921085238456726,0,0,0.09264691174030304,0,1)
bone:SetKey(47,matrix,0,0,0,0,0,0)
matrix:delete()
matrix = matrix44:new()
matrix:set(0.9921085238456726,0,-0.1253821849822998,0,0,1,0,0,0.1253821849822998,0,0.9921085238456726,0,0,0.09264691174030304,0,1)
bone:SetKey(50,matrix,0,0,0,0,0,0)
matrix:delete()
matrix = matrix44:new()
matrix:set(0.983256459236145,0,-0.1822270154953003,0,0,1,0,0,0.1822270154953003,0,0.983256459236145,0,0,0.1879685074090958,0,1)
bone:SetKey(60,matrix,0,0,0,0,0,0)
matrix:delete()
matrix = matrix44:new()
matrix:set(0.9825872778892517,0,-0.1858017295598984,0,0,1,0,0,0.1858017295598984,0,0.9825872778892517,0,0,0.1939931362867355,0,1)
bone:SetKey(65,matrix,0,0,0,0,0,0)
matrix:delete()
matrix = matrix44:new()
matrix:set(0.983256459236145,0,-0.1822270154953003,0,0,1,0,0,0.1822270154953003,0,0.983256459236145,0,0,0.1879685074090958,0,1)
bone:SetKey(70,matrix,0,0,0,0,0,0)
matrix:delete()
matrix = matrix44:new()
matrix:set(0.983256459236145,0,-0.1822270154953003,0,0,1,0,0,0.1822270154953003,0,0.983256459236145,0,0,0.1874664574861526,0,1)
bone:SetKey(75,matrix,0,0,0,0,0,0)
matrix:delete()
matrix = matrix44:new()
matrix:set(0.983256459236145,0,-0.1822270154953003,0,0,1,0,0,0.1822270154953003,0,0.983256459236145,0,0,0.1879685074090958,0,1)
bone:SetKey(80,matrix,0,0,0,0,0,0)
matrix:delete()
matrix = matrix44:new()
matrix:set(0.983256459236145,0,-0.1822270154953003,0,0,1,0,0,0.1822270154953003,0,0.983256459236145,0,0,0.1879685074090958,0,1)
bone:SetKey(90,matrix,0,0,0,0,0,0)
matrix:delete()
matrix = matrix44:new()
matrix:set(0.983256459236145,0,-0.1822270154953003,0,0,1,0,0,0.1822270154953003,0,0.983256459236145,0,0,0.1879685074090958,0,1)
bone:SetKey(105,matrix,0,0,0,0,0,0)
matrix:delete()
matrix = matrix44:new()
matrix:set(0.983256459236145,0,-0.1822270154953003,0,0,1,0,0,0.1822270154953003,0,0.983256459236145,0,0,0.1874664574861526,0,1)
bone:SetKey(106,matrix,0,0,0,0,0,0)
matrix:delete()
matrix = matrix44:new()
matrix:set(0.983256459236145,0,-0.1822270154953003,0,0,1,0,0,0.1822270154953003,0,0.983256459236145,0,0,0.1879685074090958,0,1)
bone:SetKey(110,matrix,0,0,0,0,0,0)
matrix:delete()
matrix = matrix44:new()
matrix:set(0.983256459236145,0,-0.1822270154953003,0,0,1,0,0,0.1822270154953003,0,0.983256459236145,0,0,0.1879685074090958,0,1)
bone:SetKey(112,matrix,0,0,0,0,0,0)
matrix:delete()
matrix = matrix44:new()
matrix:set(0.9832565784454346,5.745796727296693e-08,-0.1822264641523361,0,-0.0280839204788208,0.9880529046058655,-0.1515348702669144,0,0.1800493746995926,0.1541152894496918,0.9715095162391663,0,0,0.1880255788564682,0,1)
bone:SetKey(116,matrix,0,0,0,0,0,0)
matrix:delete()
matrix = matrix44:new()
matrix:set(0.9832566380500793,9.155728264431673e-08,-0.1822263449430466,0,-0.03867346793413162,0.977220356464386,-0.2086738795042038,0,0.1780752837657928,0.2122272998094559,0.9608584046363831,0,0,0.1880193203687668,0,1)
bone:SetKey(118,matrix,0,0,0,0,0,0)
matrix:delete()
matrix = matrix44:new()
matrix:set(0.9832566380500793,1.961293065733116e-07,-0.1822260618209839,0,-0.06678587198257446,0.9304184317588806,-0.3603626191616058,0,0.1695464104413986,0.3664990961551666,0.9148401021957397,0,0,0.1879685074090958,0,1)
bone:SetKey(125,matrix,0,0,0,0,0,0)
matrix:delete()
matrix = matrix44:new()
matrix:set(0.9832566380500793,1.98421602704002e-07,-0.1822260618209839,0,-0.06678587198257446,0.9304184317588806,-0.3603626191616058,0,0.1695463955402374,0.3664990961551666,0.9148401021957397,0,0,0.1879685074090958,0,1)
bone:SetKey(129,matrix,0,0,0,0,0,0)
matrix:delete()
matrix = matrix44:new()
matrix:set(0.983256459236145,0,-0.1822270154953003,0,0,1,0,0,0.1822270154953003,0,0.983256459236145,0,0,0.1879685074090958,0,1)
bone:SetKey(130,matrix,0,0,0,0,0,0)
matrix:delete()
matrix = matrix44:new()
matrix:set(0.983256459236145,0,-0.1822270154953003,0,0,1,0,0,0.1822270154953003,0,0.983256459236145,0,0,0.1879685074090958,0,1)
bone:SetKey(137,matrix,0,0,0,0,0,0)
matrix:delete()
matrix = matrix44:new()
matrix:set(0.983256459236145,0,-0.1822270154953003,0,0,1,0,0,0.1822270154953003,0,0.983256459236145,0,0,0.1879685074090958,0,1)
bone:SetKey(144,matrix,0,0,0,0,0,0)
matrix:delete()
matrix = matrix44:new()
matrix:set(0.9832566380500793,1.961293065733116e-07,-0.1822260618209839,0,-0.06678587198257446,0.9304184317588806,-0.3603626191616058,0,0.1695464104413986,0.3664990961551666,0.9148401021957397,0,0,0.1879685074090958,0,1)
bone:SetKey(145,matrix,0,0,0,0,0,0)
matrix:delete()
matrix = matrix44:new()
matrix:set(0.9832566380500793,1.197427224042258e-07,-0.182226300239563,0,-0.04784508422017097,0.9649162292480469,-0.2581619620323181,0,0.1758330762386322,0.2625581026077271,0.9487602710723877,0,0.3629966974258423,0.730003833770752,1.9586580991745,1)
bone:SetKey(153,matrix,0,0,0,0,0,0)
matrix:delete()
matrix = matrix44:new()
matrix:set(0.983256459236145,0,-0.1822270154953003,0,0,1,0,0,0.1822270154953003,0,0.983256459236145,0,0,0.1879685074090958,0,1)
bone:SetKey(165,matrix,0,0,0,0,0,0)
matrix:delete()
matrix = matrix44:new()
matrix:set(0.983256459236145,0,-0.1822270154953003,0,0,1,0,0,0.1822270154953003,0,0.983256459236145,0,0,0.1879685074090958,0,1)
bone:SetKey(166,matrix,0,0,0,0,0,0)
matrix:delete()
matrix = matrix44:new()
matrix:set(0.9825872778892517,0,-0.1858017295598984,0,0,1,0,0,0.1858017295598984,0,0.9825872778892517,0,0,0.1939931362867355,0,1)
bone:SetKey(171,matrix,0,0,0,0,0,0)
matrix:delete()
matrix = matrix44:new()
matrix:set(0.9426438212394714,0,-0.3337986171245575,0,0,1,0,0,0.3337986171245575,0,0.9426438212394714,0,0,0.1879685074090958,0,1)
bone:SetKey(176,matrix,0,0,0,0,0,0)
matrix:delete()
matrix = matrix44:new()
matrix:set(0.983256459236145,0,-0.1822270154953003,0,0,1,0,0,0.1822270154953003,0,0.983256459236145,0,0,0.1874664574861526,0,1)
bone:SetKey(181,matrix,0,0,0,0,0,0)
matrix:delete()
matrix = matrix44:new()
matrix:set(0.983256459236145,0,-0.1822270154953003,0,0,1,0,0,0.1822270154953003,0,0.983256459236145,0,0,0.1879685074090958,0,1)
bone:SetKey(186,matrix,0,0,0,0,0,0)
matrix:delete()
matrix = matrix44:new()
matrix:set(0.9975625276565552,0,-0.06975642591714859,0,0,1,0,0,0.06975642591714859,0,0.9975625276565552,0,0,0,0,1)
bone:SetKey(187,matrix,0,0,0,0,0,0)
matrix:delete()
matrix = matrix44:new()
matrix:set(0.9862837195396423,0,0.1650472432374954,0,0,1,0,0,-0.1650472432374954,0,0.9862837195396423,0,0,0,0,1)
bone:SetKey(195,matrix,0,0,0,0,0,0)
matrix:delete()
matrix = matrix44:new()
matrix:set(0.9975625276565552,0,-0.06975642591714859,0,0,1,0,0,0.06975642591714859,0,0.9975625276565552,0,0,0,0,1)
bone:SetKey(196,matrix,0,0,0,0,0,0)
matrix:delete()
matrix = matrix44:new()
matrix:set(0.9975625276565552,0,-0.06975642591714859,0,0,1,0,0,0.06975642591714859,0,0.9975625276565552,0,0,0,0,1)
bone:SetKey(206,matrix,0,0,0,0,0,0)
matrix:delete()
bone:SetId(2)
bone2 = bone
bone1:AttachChild(bone)
bone = scene:CreateBone()
bone:SetName("Joint3")
bone:SetColor(1, 1, 1)
bone:SetIKChainEnd(0)
bone:SetIKWeight(1)
bone:SetXConstraints(0, 0, 0)
bone:SetYConstraints(0, 0, 0)
bone:SetZConstraints(0, 0, 0)
matrix = matrix44:new()
matrix:set(1,0,0,0,0,1,0,0,0,0,1,0,-3.727955341339111,-6.001582145690918,0,1)
bone:SetMatrix(matrix)
matrix:delete()
matrix = matrix44:new()
matrix:set(0.999048113822937,1.513243835793432e-10,0.04361937940120697,0,0.003422337584197521,0.9969170689582825,-0.0783843994140625,0,-0.04348492622375488,0.07845905423164368,0.9959677457809448,0,0,0,0,1)
bone:SetKey(30,matrix,0,0,0,0,0,0)
matrix:delete()
matrix = matrix44:new()
matrix:set(0.999048113822937,1.513243835793432e-10,0.04361937940120697,0,0.003422337584197521,0.9969170689582825,-0.0783843994140625,0,-0.04348492622375488,0.07845905423164368,0.9959677457809448,0,0,0,0,1)
bone:SetKey(31,matrix,0,0,0,0,0,0)
matrix:delete()
matrix = matrix44:new()
matrix:set(0.9973341822624207,0.0001514878531452268,0.07296913862228394,0,-0.04030353575944901,0.834763765335083,0.5491312146186829,0,-0.0608288049697876,-0.5506082773208618,0.8325445055961609,0,0,0,0,1)
bone:SetKey(45,matrix,0,0,0,0,0,0)
matrix:delete()
matrix = matrix44:new()
matrix:set(0.9973341822624207,0.0001514841424068436,0.07296915352344513,0,-0.0403035394847393,0.834763765335083,0.5491312146186829,0,-0.06082881987094879,-0.5506082773208618,0.8325445055961609,0,0,0,0,1)
bone:SetKey(47,matrix,0,0,0,0,0,0)
matrix:delete()
matrix = matrix44:new()
matrix:set(0.9973341822624207,0.0001514878531452268,0.07296913862228394,0,-0.04030353575944901,0.834763765335083,0.5491312146186829,0,-0.0608288049697876,-0.5506082773208618,0.8325445055961609,0,0,0,0,1)
bone:SetKey(50,matrix,0,0,0,0,0,0)
matrix:delete()
matrix = matrix44:new()
matrix:set(0.9736284613609314,0.1383878439664841,0.1813743859529495,0,-0.2186116427183151,0.7932885885238647,0.5682451128959656,0,-0.0652439296245575,-0.5929100513458252,0.8026212453842163,0,0,0,0,1)
bone:SetKey(60,matrix,0,0,0,0,0,0)
matrix:delete()
matrix = matrix44:new()
matrix:set(0.9991308450698853,-0.0005585161852650344,0.04168073087930679,0,0.001099288347177207,0.9999154806137085,-0.01295243576169014,0,-0.04166997596621513,0.01298699621111155,0.9990470409393311,0,0,0,0,1)
bone:SetKey(65,matrix,0,0,0,0,0,0)
matrix:delete()
matrix = matrix44:new()
matrix:set(0.9990482330322266,-5.360887911365353e-08,0.04361911118030548,0,0.01669222861528397,0.9238807559013367,-0.3823162317276001,0,-0.04029883816838264,0.3826804757118225,0.9230014681816101,0,0,0,0,1)
bone:SetKey(70,matrix,0,0,0,0,0,0)
matrix:delete()
matrix = matrix44:new()
matrix:set(0.9990406036376953,4.041609645355493e-05,0.04379260167479515,0,-0.0232544019818306,0.8478534817695618,0.5297204852104187,0,-0.03710830211639404,-0.5302307605743408,0.8470411896705627,0,0.2776602208614349,1.11732852019486e-05,0.01217255275696516,1)
bone:SetKey(75,matrix,0,0,0,0,0,0)
matrix:delete()
matrix = matrix44:new()
matrix:set(0.9736284613609314,0.1383878439664841,0.1813743859529495,0,-0.2186116427183151,0.7932885885238647,0.5682451128959656,0,-0.0652439296245575,-0.5929100513458252,0.8026212453842163,0,0,0,0,1)
bone:SetKey(80,matrix,0,0,0,0,0,0)
matrix:delete()
matrix = matrix44:new()
matrix:set(0.9990482330322266,7.104380728151227e-08,0.0436193123459816,0,-0.04085702076554298,-0.3502044677734375,0.9357817769050598,0,0.01527574565261602,-0.9366732835769653,-0.3498711585998535,0,0,0,0,1)
bone:SetKey(90,matrix,0,0,0,0,0,0)
matrix:delete()
matrix = matrix44:new()
matrix:set(0.9990482330322266,3.386072222610892e-08,0.04361929371953011,0,-0.0237567313015461,0.8386715650558472,0.544119119644165,0,-0.03658224269747734,-0.5446375012397766,0.8378733396530151,0,0,0,0,1)
bone:SetKey(105,matrix,0,0,0,0,0,0)
matrix:delete()
matrix = matrix44:new()
matrix:set(0.9990406036376953,4.04156198783312e-05,0.04379260167479515,0,0.001853795256465673,0.9990636110305786,-0.04321298375725746,0,-0.04375336691737175,0.0432523675262928,0.9981045722961426,0,0.301141768693924,0.5707530975341797,-0.5240384340286255,1)
bone:SetKey(106,matrix,0,0,0,0,0,0)
matrix:delete()
matrix = matrix44:new()
matrix:set(0.9990482330322266,7.104380728151227e-08,0.0436193123459816,0,-0.04085702076554298,-0.3502044677734375,0.9357817769050598,0,0.01527574565261602,-0.9366732835769653,-0.3498711585998535,0,0,0,0,1)
bone:SetKey(110,matrix,0,0,0,0,0,0)
matrix:delete()
matrix = matrix44:new()
matrix:set(0.9990482330322266,7.254608647144778e-08,0.0436193086206913,0,-0.04072218015789986,-0.3583648800849915,0.9326924681663513,0,0.01563171297311783,-0.9335814714431763,-0.3580237329006195,0,0,0,0,1)
bone:SetKey(112,matrix,0,0,0,0,0,0)
matrix:delete()
matrix = matrix44:new()
matrix:set(0.9580748677253723,0.1034036874771118,-0.2672078907489777,0,0.2612817883491516,-0.6980207562446594,0.6667077541351318,0,-0.1175766289234161,-0.7085722684860229,-0.6957736611366272,0,-0.03423505648970604,-0.06488560140132904,0.05957488343119621,1)
bone:SetKey(116,matrix,0,0,0,0,0,0)
matrix:delete()
matrix = matrix44:new()
matrix:set(0.9246548414230347,-0.2111789286136627,-0.3168861865997314,0,0.3801593482494354,0.4634188115596771,0.8004510402679443,0,-0.0221873763948679,-0.8606081604957581,0.5087841153144836,0,-0.03047813661396503,-0.05776512250304222,0.05303719639778137,1)
bone:SetKey(118,matrix,0,0,0,0,0,0)
matrix:delete()
matrix = matrix44:new()
matrix:set(0.9990485906600952,2.715503342187731e-07,0.0436113141477108,0,-0.002282171277329326,0.998630166053772,0.05227339267730713,0,-0.04355156049132347,-0.05232318490743637,0.9976800680160522,0,0,0,0,1)
bone:SetKey(125,matrix,0,0,0,0,0,0)
matrix:delete()
matrix = matrix44:new()
matrix:set(0.9990485906600952,2.712521620651387e-07,0.0436113141477108,0,-0.02213419042527676,0.8616353869438171,0.5070441961288452,0,-0.03757695108652115,-0.5075272917747498,0.8608152866363525,0,0,0,0,1)
bone:SetKey(129,matrix,0,0,0,0,0,0)
matrix:delete()
matrix = matrix44:new()
matrix:set(0.9990482330322266,7.35584464450767e-08,0.0436193123459816,0,-0.04085701704025269,-0.3502044677734375,0.9357817769050598,0,0.01527574751526117,-0.9366732835769653,-0.3498711585998535,0,0,0,0,1)
bone:SetKey(130,matrix,0,0,0,0,0,0)
matrix:delete()
matrix = matrix44:new()
matrix:set(0.9990482330322266,-5.009702022107376e-07,0.04361987486481667,0,-0.0410291813313961,-0.3395068645477295,0.9397080540657043,0,0.01480878423899412,-0.940603494644165,-0.3391837179660797,0,0,0,0,1)
bone:SetKey(131,matrix,0,0,0,0,0,0)
matrix:delete()
matrix = matrix44:new()
matrix:set(0.9990481734275818,-4.470861085792421e-07,0.04361983388662338,0,-0.04151083156466484,-0.307192862033844,0.9507414102554321,0,0.0133992750197649,-0.9516472220420837,-0.3069004714488983,0,0,0,0,1)
bone:SetKey(132,matrix,0,0,0,0,0,0)
matrix:delete()
matrix = matrix44:new()
matrix:set(0.9990482926368713,8.10646199056464e-08,0.0436193123459816,0,-0.04072216153144836,-0.35836461186409,0.9326931238174438,0,0.01563169620931149,-0.9335817098617554,-0.3580235242843628,0,0,0,0,1)
bone:SetKey(137,matrix,0,0,0,0,0,0)
matrix:delete()
matrix = matrix44:new()
matrix:set(0.9990482926368713,8.10646199056464e-08,0.0436193123459816,0,-0.04072216153144836,-0.35836461186409,0.9326931238174438,0,0.01563169620931149,-0.9335817098617554,-0.3580235242843628,0,0,0,0,1)
bone:SetKey(138,matrix,0,0,0,0,0,0)
matrix:delete()
matrix = matrix44:new()
matrix:set(0.9990482926368713,8.10646199056464e-08,0.0436193123459816,0,-0.04072216153144836,-0.35836461186409,0.9326931238174438,0,0.01563169620931149,-0.9335817098617554,-0.3580235242843628,0,0,0,0,1)
bone:SetKey(139,matrix,0,0,0,0,0,0)
matrix:delete()
matrix = matrix44:new()
matrix:set(0.9990482926368713,8.10646199056464e-08,0.0436193123459816,0,-0.04072216153144836,-0.35836461186409,0.9326931238174438,0,0.01563169620931149,-0.9335817098617554,-0.3580235242843628,0,0,0,0,1)
bone:SetKey(140,matrix,0,0,0,0,0,0)
matrix:delete()
matrix = matrix44:new()
matrix:set(0.9990482926368713,8.10646199056464e-08,0.0436193123459816,0,-0.04072216153144836,-0.35836461186409,0.9326931238174438,0,0.01563169620931149,-0.9335817098617554,-0.3580235242843628,0,0,0,0,1)
bone:SetKey(141,matrix,0,0,0,0,0,0)
matrix:delete()
matrix = matrix44:new()
matrix:set(0.9990482926368713,8.10646199056464e-08,0.0436193123459816,0,-0.04072216153144836,-0.35836461186409,0.9326931238174438,0,0.01563169620931149,-0.9335817098617554,-0.3580235242843628,0,0,0,0,1)
bone:SetKey(142,matrix,0,0,0,0,0,0)
matrix:delete()
matrix = matrix44:new()
matrix:set(0.9990482926368713,8.10646199056464e-08,0.0436193123459816,0,-0.04072216153144836,-0.35836461186409,0.9326931238174438,0,0.01563169620931149,-0.9335817098617554,-0.3580235242843628,0,0,0,0,1)
bone:SetKey(143,matrix,0,0,0,0,0,0)
matrix:delete()
matrix = matrix44:new()
matrix:set(0.9990482330322266,7.35584464450767e-08,0.0436193123459816,0,-0.04085701704025269,-0.3502044677734375,0.9357817769050598,0,0.01527574751526117,-0.9366732835769653,-0.3498711585998535,0,0,0,0,1)
bone:SetKey(144,matrix,0,0,0,0,0,0)
matrix:delete()
matrix = matrix44:new()
matrix:set(0.9990485906600952,2.715503342187731e-07,0.0436113141477108,0,-0.002282171277329326,0.998630166053772,0.05227339267730713,0,-0.04355156049132347,-0.05232318490743637,0.9976800680160522,0,0,0,0,1)
bone:SetKey(145,matrix,0,0,0,0,0,0)
matrix:delete()
matrix = matrix44:new()
matrix:set(0.9106410145759583,-0.1518505215644836,-0.3842867314815521,0,0.404248058795929,0.1348538845777512,0.9046553373336792,0,-0.08554966002702713,-0.9791605472564697,0.1841884702444077,0,0,0,0,1)
bone:SetKey(153,matrix,0,0,0,0,0,0)
matrix:delete()
matrix = matrix44:new()
matrix:set(0.8196747303009033,0.1818147599697113,-0.5432096719741821,0,0.3490873873233795,0.5933128595352173,0.7253425121307373,0,0.4541707932949066,-0.7841709852218628,0.4228557646274567,0,0,0,0,1)
bone:SetKey(155,matrix,0,0,0,0,0,0)
matrix:delete()
matrix = matrix44:new()
matrix:set(0.9925709962844849,0.1182582303881645,-0.02861038967967033,0,0.06232365965843201,-0.2922123372554779,0.9543206095695496,0,0.1044956296682358,-0.9490137100219727,-0.2974116504192352,0,0,0,0,1)
bone:SetKey(161,matrix,0,0,0,0,0,0)
matrix:delete()
matrix = matrix44:new()
matrix:set(0.9990482330322266,7.35584464450767e-08,0.0436193123459816,0,-0.04085701704025269,-0.3502044677734375,0.9357817769050598,0,0.01527574751526117,-0.9366732835769653,-0.3498711585998535,0,0,0,0,1)
bone:SetKey(165,matrix,0,0,0,0,0,0)
matrix:delete()
matrix = matrix44:new()
matrix:set(0.9736284613609314,0.1383878439664841,0.1813743859529495,0,-0.2186116427183151,0.7932885885238647,0.5682451128959656,0,-0.0652439296245575,-0.5929100513458252,0.8026212453842163,0,0,0,0,1)
bone:SetKey(166,matrix,0,0,0,0,0,0)
matrix:delete()
matrix = matrix44:new()
matrix:set(0.9991308450698853,-0.0005585161852650344,0.04168073087930679,0,0.001099288347177207,0.9999154806137085,-0.01295243576169014,0,-0.04166997596621513,0.01298699621111155,0.9990470409393311,0,0,0,0,1)
bone:SetKey(171,matrix,0,0,0,0,0,0)
matrix:delete()
matrix = matrix44:new()
matrix:set(0.9990482330322266,-5.352120169277441e-08,0.04361911118030548,0,0.001522196806035936,0.9993910193443298,-0.03486297652125359,0,-0.04359255358576775,0.0348963588476181,0.9984397292137146,0,0,0,0,1)
bone:SetKey(176,matrix,0,0,0,0,0,0)
matrix:delete()
matrix = matrix44:new()
matrix:set(0.9990406036376953,4.041609645355493e-05,0.04379260167479515,0,-0.0232544019818306,0.8478534817695618,0.5297204852104187,0,-0.03710830211639404,-0.5302307605743408,0.8470411896705627,0,0.2776602208614349,1.11732852019486e-05,0.01217255275696516,1)
bone:SetKey(181,matrix,0,0,0,0,0,0)
matrix:delete()
matrix = matrix44:new()
matrix:set(0.9736284613609314,0.1383878439664841,0.1813743859529495,0,-0.2186116427183151,0.7932885885238647,0.5682451128959656,0,-0.0652439296245575,-0.5929100513458252,0.8026212453842163,0,0,0,0,1)
bone:SetKey(186,matrix,0,0,0,0,0,0)
matrix:delete()
matrix = matrix44:new()
matrix:set(0.999048113822937,1.513243835793432e-10,0.04361937940120697,0,0.003422337584197521,0.9969170689582825,-0.0783843994140625,0,-0.04348492622375488,0.07845905423164368,0.9959677457809448,0,0,0,0,1)
bone:SetKey(187,matrix,0,0,0,0,0,0)
matrix:delete()
matrix = matrix44:new()
matrix:set(0.999048113822937,1.513243835793432e-10,0.04361937940120697,0,0.003422337584197521,0.9969170689582825,-0.0783843994140625,0,-0.04348492622375488,0.07845905423164368,0.9959677457809448,0,0,0,0,1)
bone:SetKey(196,matrix,0,0,0,0,0,0)
matrix:delete()
matrix = matrix44:new()
matrix:set(0.999048113822937,1.513243835793432e-10,0.04361937940120697,0,0.003422337584197521,0.9969170689582825,-0.0783843994140625,0,-0.04348492622375488,0.07845905423164368,0.9959677457809448,0,0,0,0,1)
bone:SetKey(206,matrix,0,0,0,0,0,0)
matrix:delete()
matrix = matrix44:new()
matrix:set(0.999048113822937,5.250949675073002e-10,0.04361937940120697,0,-0.02745056711137295,0.7771456837654114,0.6287208795547485,0,-0.03389866650104523,-0.6293196678161621,0.7764052152633667,0,0,0,0,1)
bone:SetKey(215,matrix,0,0,0,0,0,0)
matrix:delete()
bone:SetId(3)
bone3 = bone
bone2:AttachChild(bone)
bone = scene:CreateBone()
bone:SetName("Joint4")
bone:SetColor(1, 1, 1)
bone:SetIKChainEnd(0)
bone:SetIKWeight(1)
bone:SetXConstraints(0, 0, 0)
bone:SetYConstraints(0, 0, 0)
bone:SetZConstraints(0, 0, 0)
matrix = matrix44:new()
matrix:set(1,0,0,0,0,1,0,0,0,0,1,0,-1.201144337654114,-11.96887111663818,-1.916769504547119,1)
bone:SetMatrix(matrix)
matrix:delete()
matrix = matrix44:new()
matrix:set(1,0,0,0,0,1,0,0,0,0,1,0,0,0,0,1)
bone:SetKey(30,matrix,0,0,0,0,0,0)
matrix:delete()
matrix = matrix44:new()
matrix:set(1,0,0,0,0,1,0,0,0,0,1,0,0,0,0,1)
bone:SetKey(31,matrix,0,0,0,0,0,0)
matrix:delete()
matrix = matrix44:new()
matrix:set(1,0,0,0,0,0.808354377746582,-0.5886962413787842,0,0,0.5886962413787842,0.808354377746582,0,0,0,0,1)
bone:SetKey(45,matrix,0,0,0,0,0,0)
matrix:delete()
matrix = matrix44:new()
matrix:set(1,0,0,0,0,0.808354377746582,-0.5886962413787842,0,0,0.5886962413787842,0.808354377746582,0,0,0,0,1)
bone:SetKey(47,matrix,0,0,0,0,0,0)
matrix:delete()
matrix = matrix44:new()
matrix:set(1,0,0,0,0,0.808354377746582,-0.5886962413787842,0,0,0.5886962413787842,0.808354377746582,0,0,0,0,1)
bone:SetKey(50,matrix,0,0,0,0,0,0)
matrix:delete()
matrix = matrix44:new()
matrix:set(1,0,0,0,0,0.9483237862586975,-0.3173041641712189,0,0,0.3173041641712189,0.9483237862586975,0,0,0,0,1)
bone:SetKey(60,matrix,0,0,0,0,0,0)
matrix:delete()
matrix = matrix44:new()
matrix:set(1,0,0,0,0,0.8498150110244751,-0.5270810127258301,0,0,0.5270810127258301,0.8498150110244751,0,0,0,0,1)
bone:SetKey(65,matrix,0,0,0,0,0,0)
matrix:delete()
matrix = matrix44:new()
matrix:set(1,0,0,0,0,0.9063080549240112,-0.4226177632808685,0,0,0.4226177632808685,0.9063080549240112,0,0,0,0,1)
bone:SetKey(70,matrix,0,0,0,0,0,0)
matrix:delete()
matrix = matrix44:new()
matrix:set(1,0,0,0,0,0.7321557998657227,-0.6811373233795166,0,0,0.6811373233795166,0.7321557998657227,0,0,0,0,1)
bone:SetKey(75,matrix,0,0,0,0,0,0)
matrix:delete()
matrix = matrix44:new()
matrix:set(1,0,0,0,0,0.9483237862586975,-0.3173041641712189,0,0,0.3173041641712189,0.9483237862586975,0,0,0,0,1)
bone:SetKey(80,matrix,0,0,0,0,0,0)
matrix:delete()
matrix = matrix44:new()
matrix:set(1,0,0,0,0,0.06975746154785156,-0.9975639581680298,0,0,0.9975639581680298,0.06975746154785156,0,0,-4.488278865814209,0.9859504699707031,1)
bone:SetKey(90,matrix,0,0,0,0,0,0)
matrix:delete()
matrix = matrix44:new()
matrix:set(1,0,0,0,0,0.9063080549240112,-0.4226177632808685,0,0,0.4226177632808685,0.9063080549240112,0,0,0,0,1)
bone:SetKey(105,matrix,0,0,0,0,0,0)
matrix:delete()
matrix = matrix44:new()
matrix:set(1,0,0,0,0,0.9888412952423096,0.1489730626344681,0,0,-0.1489730626344681,0.9888412952423096,0,0,0,0,1)
bone:SetKey(106,matrix,0,0,0,0,0,0)
matrix:delete()
matrix = matrix44:new()
matrix:set(1,0,0,0,0,0.06975746154785156,-0.9975639581680298,0,0,0.9975639581680298,0.06975746154785156,0,0,-4.488278865814209,0.9859504699707031,1)
bone:SetKey(110,matrix,0,0,0,0,0,0)
matrix:delete()
matrix = matrix44:new()
matrix:set(1,0,0,0,0,0.008726442232728004,-0.9999619126319885,0,0,0.9999619126319885,0.008726442232728004,0,0.4363028109073639,-7.420314788818359,1.218288660049438,1)
bone:SetKey(112,matrix,0,0,0,0,0,0)
matrix:delete()
matrix = matrix44:new()
matrix:set(0.9961948394775391,0.07551822066307068,0.04350979253649712,0,0.08215648680925369,-0.647025465965271,-0.7580289840698242,0,-0.02909307181835175,0.7587196826934814,-0.6507673263549805,0,0,-2.380739688873291,1.23523211479187,1)
bone:SetKey(116,matrix,0,0,0,0,0,0)
matrix:delete()
matrix = matrix44:new()
matrix:set(0.9998244047164917,0.009759362787008286,0.01599863544106483,0,0.01399926468729973,0.1785988062620163,-0.9838224053382874,0,-0.01245881710201502,0.9838736057281494,0.1784308254718781,0,-0.04060554504394531,-1.051638841629028,1.253729462623596,1)
bone:SetKey(118,matrix,0,0,0,0,0,0)
matrix:delete()
matrix = matrix44:new()
matrix:set(1,0,0,0,0,0.9986298084259033,0.05233080685138702,0,0,-0.05233080685138702,0.9986298084259033,0,0,1.860158205032349,1.318663716316223,1)
bone:SetKey(125,matrix,0,0,0,0,0,0)
matrix:delete()
matrix = matrix44:new()
matrix:set(1,0,0,0,0,0.9998472929000854,0.01744722202420235,0,0,-0.01744722202420235,0.9998472929000854,0,0,1.860158205032349,1.318663716316223,1)
bone:SetKey(129,matrix,0,0,0,0,0,0)
matrix:delete()
matrix = matrix44:new()
matrix:set(1,0,0,0,0,0.06975746154785156,-0.9975639581680298,0,0,0.9975639581680298,0.06975746154785156,0,0,-4.488278865814209,0.9859504699707031,1)
bone:SetKey(130,matrix,0,0,0,0,0,0)
matrix:delete()
matrix = matrix44:new()
matrix:set(1,0,0,0,0,-0.04361835122108459,-0.9990482926368713,0,0,0.9990482926368713,-0.04361835122108459,0,0,-4.488278865814209,0.9859504699707031,1)
bone:SetKey(137,matrix,0,0,0,0,0,0)
matrix:delete()
matrix = matrix44:new()
matrix:set(1,0,0,0,0,0.06975746154785156,-0.9975639581680298,0,0,0.9975639581680298,0.06975746154785156,0,0,-4.488278865814209,0.9859504699707031,1)
bone:SetKey(144,matrix,0,0,0,0,0,0)
matrix:delete()
matrix = matrix44:new()
matrix:set(1,0,0,0,0,0.9986298084259033,0.05233080685138702,0,0,-0.05233080685138702,0.9986298084259033,0,0,1.860158205032349,1.318663716316223,1)
bone:SetKey(145,matrix,0,0,0,0,0,0)
matrix:delete()
matrix = matrix44:new()
matrix:set(1,0,0,0,0,0.9135666489601135,-0.4066883325576782,0,0,0.4066883325576782,0.9135666489601135,0,0,1.316077351570129,1.290149211883545,1)
bone:SetKey(150,matrix,0,0,0,0,0,0)
matrix:delete()
matrix = matrix44:new()
matrix:set(1,0,0,0,0,0.06125428527593613,-0.9981220364570618,0,0,0.9981220364570618,0.06125428527593613,0,0,0.006414580158889294,1.221511483192444,1)
bone:SetKey(153,matrix,0,0,0,0,0,0)
matrix:delete()
matrix = matrix44:new()
matrix:set(1,0,0,0,0,0.08817344903945923,-0.9961053729057312,0,0,0.9961053729057312,0.08817344903945923,0,0,-0.8494042158126831,1.176659107208252,1)
bone:SetKey(155,matrix,0,0,0,0,0,0)
matrix:delete()
matrix = matrix44:new()
matrix:set(1,0,0,0,0,-0.5874304175376892,-0.8092744946479797,0,0,0.8092744946479797,-0.5874304175376892,0,0,-2.540449380874634,1.088033676147461,1)
bone:SetKey(159,matrix,0,0,0,0,0,0)
matrix:delete()
matrix = matrix44:new()
matrix:set(1,0,0,0,0,0.2605859637260437,-0.965450644493103,0,0,0.965450644493103,0.2605859637260437,0,0,-3.330289363861084,1.046639204025269,1)
bone:SetKey(161,matrix,0,0,0,0,0,0)
matrix:delete()
matrix = matrix44:new()
matrix:set(1,0,0,0,0,0.06975746154785156,-0.9975639581680298,0,0,0.9975639581680298,0.06975746154785156,0,0,-4.488278865814209,0.9859504699707031,1)
bone:SetKey(165,matrix,0,0,0,0,0,0)
matrix:delete()
matrix = matrix44:new()
matrix:set(1,0,0,0,0,0.9483237862586975,-0.3173041641712189,0,0,0.3173041641712189,0.9483237862586975,0,0,0,0,1)
bone:SetKey(166,matrix,0,0,0,0,0,0)
matrix:delete()
matrix = matrix44:new()
matrix:set(1,0,0,0,0,0.8498150110244751,-0.5270810127258301,0,0,0.5270810127258301,0.8498150110244751,0,0,0,0,1)
bone:SetKey(171,matrix,0,0,0,0,0,0)
matrix:delete()
matrix = matrix44:new()
